0 0.500728 0.142026 0.978878 0.031498
0 0.507830 0.180760 0.973416 0.042565
0 0.506555 0.226731 0.986890 0.033485
0 0.507830 0.260358 0.981428 0.034904
0 0.506555 0.297389 0.986890 0.030079
0 0.500546 0.335698 0.998908 0.037457
0 0.506555 0.375426 0.986890 0.031782
0 0.504552 0.408627 0.990896 0.028377
0 0.508558 0.442253 0.982884 0.036039
0 0.505645 0.483967 0.988711 0.034336
0 0.512564 0.520148 0.974873 0.043700
0 0.508558 0.560301 0.982884 0.032633
0 0.502549 0.592367 0.994902 0.033201
0 0.500728 0.627554 0.975237 0.031498
0 0.506919 0.668700 0.983248 0.031498
0 0.507647 0.705306 0.984705 0.032066
0 0.507647 0.745034 0.984705 0.039444
0 0.508558 0.790011 0.982884 0.038025
0 0.508558 0.826901 0.982884 0.032917
0 0.509650 0.869467 0.980699 0.035755
0 0.502549 0.906782 0.994902 0.028661
0 0.517662 0.937145 0.964676 0.026390
0 0.494720 0.967367 0.942826 0.032917
