0 0.497070 0.099124 0.993164 0.022388
0 0.491211 0.128001 0.981445 0.023686
0 0.495850 0.330792 0.990723 0.028877
0 0.490723 0.355289 0.980469 0.021415
0 0.494873 0.379786 0.988770 0.024984
0 0.494873 0.404932 0.988770 0.023361
0 0.495361 0.427807 0.989746 0.023686
0 0.497070 0.453602 0.993164 0.022713
0 0.495361 0.477287 0.989746 0.022713
0 0.500244 0.500324 0.999512 0.021415
0 0.497803 0.529526 0.994629 0.019468
0 0.496582 0.559053 0.992188 0.017521
0 0.499512 0.587930 0.998047 0.015574
0 0.497803 0.615996 0.994629 0.024335
0 0.502686 0.647469 0.994629 0.023037
0 0.494873 0.675860 0.988770 0.021415
0 0.499023 0.706197 0.997070 0.021090
0 0.496582 0.734101 0.992188 0.022388
0 0.499023 0.762167 0.997070 0.018170
0 0.494873 0.791369 0.988770 0.020117
0 0.499023 0.821058 0.997070 0.019143
0 0.495361 0.850097 0.989746 0.019468
0 0.496582 0.899903 0.992188 0.023037
0 0.494873 0.923913 0.988770 0.020441
0 0.492920 0.948086 0.984863 0.023361
