0 0.505719 0.071151 0.988562 0.059508
0 0.504085 0.123545 0.991830 0.050453
0 0.503268 0.200517 0.993464 0.049159
0 0.506536 0.263260 0.986928 0.050453
0 0.508987 0.333118 0.982026 0.063389
0 0.500817 0.399094 0.998366 0.045278
0 0.503268 0.456016 0.993464 0.060802
0 0.506536 0.525226 0.986928 0.051746
0 0.505719 0.597025 0.988562 0.060802
0 0.508987 0.659120 0.982026 0.037516
0 0.503268 0.723803 0.993464 0.063389
0 0.501634 0.797542 0.996732 0.060802
0 0.500817 0.875809 0.998366 0.041397
0 0.509804 0.944373 0.980392 0.054334
