0 0.494589 0.039394 0.984848 0.075758
0 0.493506 0.120455 0.982684 0.046970
0 0.495671 0.183333 0.987013 0.048485
0 0.498918 0.253788 0.993506 0.059091
0 0.495671 0.321970 0.987013 0.046970
0 0.491342 0.389394 0.978355 0.039394
0 0.500000 0.457576 0.995671 0.045455
0 0.496753 0.525000 0.989177 0.043939
0 0.491342 0.591667 0.978355 0.043939
0 0.495671 0.661364 0.987013 0.037879
0 0.495671 0.731061 0.987013 0.040909
0 0.494589 0.796970 0.984848 0.048485
0 0.496753 0.865909 0.989177 0.040909
0 0.493506 0.935606 0.982684 0.043939
