0 0.498904 0.035370 0.993421 0.064309
0 0.497807 0.093248 0.991228 0.064309
0 0.500000 0.152733 0.995614 0.061093
0 0.498904 0.217042 0.993421 0.067524
0 0.500000 0.279743 0.995614 0.064309
0 0.500000 0.339228 0.995614 0.061093
0 0.500000 0.400322 0.995614 0.067524
0 0.498904 0.461415 0.993421 0.067524
0 0.500000 0.519293 0.995614 0.061093
0 0.500000 0.572347 0.995614 0.064309
0 0.494518 0.638264 0.984649 0.054662
0 0.500000 0.728296 0.995614 0.054662
0 0.497807 0.792605 0.991228 0.067524
0 0.500000 0.852090 0.995614 0.064309
0 0.497807 0.909968 0.991228 0.057878
0 0.497807 0.969453 0.991228 0.054662
