0 0.495896 0.048177 0.989056 0.049479
0 0.495896 0.093750 0.989056 0.046875
0 0.500684 0.145833 0.998632 0.052083
0 0.499316 0.190104 0.995896 0.052083
0 0.497264 0.240885 0.991792 0.049479
0 0.496580 0.289062 0.990424 0.041667
0 0.500000 0.360677 0.997264 0.049479
0 0.495212 0.412760 0.987688 0.039062
0 0.498632 0.458333 0.994528 0.046875
0 0.499316 0.506510 0.995896 0.054688
0 0.498632 0.553385 0.994528 0.049479
0 0.498632 0.605469 0.994528 0.049479
0 0.495896 0.653646 0.989056 0.052083
0 0.495896 0.704427 0.989056 0.044271
0 0.495896 0.752604 0.989056 0.046875
0 0.495896 0.812500 0.989056 0.057292
0 0.497948 0.868490 0.993160 0.059896
0 0.497948 0.924479 0.993160 0.046875
0 0.497264 0.970052 0.991792 0.044271
