0 0.494460 0.014560 0.986150 0.021178
0 0.498615 0.031105 0.994460 0.019854
0 0.497230 0.051621 0.991690 0.017207
0 0.494460 0.068498 0.986150 0.013898
0 0.498615 0.090007 0.994460 0.021178
0 0.498615 0.107876 0.994460 0.019854
0 0.497230 0.127068 0.991690 0.019854
0 0.493075 0.149570 0.983380 0.021178
0 0.498615 0.165122 0.994460 0.019193
0 0.497230 0.185970 0.991690 0.019854
0 0.498615 0.205824 0.994460 0.022502
0 0.497230 0.225017 0.991690 0.021178
0 0.498615 0.245202 0.994460 0.020516
0 0.494460 0.262078 0.986150 0.019854
0 0.500000 0.283587 0.997230 0.019193
0 0.498615 0.302118 0.994460 0.021840
0 0.495845 0.323958 0.988920 0.023163
0 0.498615 0.341496 0.994460 0.022502
0 0.497230 0.362012 0.991690 0.021178
0 0.493075 0.379881 0.983380 0.021178
0 0.495845 0.398412 0.988920 0.022502
0 0.495845 0.417604 0.988920 0.019854
0 0.497230 0.436135 0.991690 0.019854
0 0.497230 0.455659 0.991690 0.019193
0 0.494460 0.473858 0.986150 0.021178
0 0.495845 0.494375 0.988920 0.021178
0 0.497230 0.513236 0.991690 0.017869
0 0.498615 0.533422 0.994460 0.021178
0 0.497230 0.552945 0.991690 0.019193
0 0.493075 0.572469 0.983380 0.019854
0 0.495845 0.591330 0.988920 0.017869
0 0.500000 0.614163 0.997230 0.021178
0 0.498615 0.632032 0.994460 0.022502
0 0.500000 0.652548 0.997230 0.019854
0 0.493075 0.671741 0.983380 0.019854
0 0.497230 0.689940 0.991690 0.017869
0 0.495845 0.710457 0.988920 0.021840
0 0.497230 0.729649 0.991690 0.019193
0 0.497230 0.749504 0.991690 0.019193
0 0.497230 0.766049 0.991690 0.019193
0 0.497230 0.785903 0.991690 0.017869
0 0.495845 0.804434 0.988920 0.024487
0 0.495845 0.825281 0.988920 0.021178
0 0.497922 0.843812 0.993075 0.018531
0 0.499307 0.864990 0.995845 0.019854
0 0.493075 0.885837 0.983380 0.017869
0 0.498615 0.903706 0.994460 0.020516
0 0.497922 0.922568 0.993075 0.019854
0 0.497922 0.952680 0.993075 0.021840
