0 0.508889 0.055556 0.982222 0.102222
0 0.508889 0.133333 0.982222 0.062222
0 0.515556 0.193333 0.968889 0.057778
0 0.506667 0.262222 0.986667 0.062222
0 0.508889 0.328889 0.982222 0.062222
0 0.502222 0.400000 0.995556 0.062222
0 0.502222 0.453333 0.986667 0.071111
0 0.506667 0.528889 0.986667 0.071111
0 0.502222 0.602222 0.995556 0.066667
0 0.502222 0.666667 0.995556 0.088889
0 0.502222 0.731111 0.995556 0.075556
0 0.508889 0.813333 0.982222 0.062222
0 0.504444 0.877778 0.991111 0.075556
0 0.502222 0.948889 0.995556 0.084444
