0 0.502688 0.055351 0.994624 0.066421
0 0.505376 0.108856 0.989247 0.040590
0 0.502688 0.151292 0.994624 0.029520
0 0.502688 0.188192 0.994624 0.036900
0 0.502688 0.230627 0.994624 0.033210
0 0.505376 0.261993 0.989247 0.044280
0 0.508065 0.313653 0.983871 0.044280
0 0.502688 0.348708 0.994624 0.033210
0 0.505376 0.409594 0.989247 0.036900
0 0.505376 0.446494 0.989247 0.029520
0 0.508065 0.476015 0.983871 0.036900
0 0.508065 0.509225 0.983871 0.029520
0 0.508065 0.540590 0.983871 0.033210
0 0.502688 0.571956 0.994624 0.029520
0 0.505376 0.607011 0.989247 0.033210
0 0.500000 0.634686 0.989247 0.029520
0 0.502688 0.664207 0.994624 0.036900
0 0.502688 0.697417 0.994624 0.036900
0 0.502688 0.726937 0.994624 0.036900
0 0.500000 0.758303 0.989247 0.033210
0 0.502688 0.787823 0.994624 0.025830
0 0.502688 0.821033 0.994624 0.025830
0 0.500000 0.854244 0.989247 0.025830
0 0.500000 0.885609 0.989247 0.029520
0 0.505376 0.913284 0.989247 0.033210
0 0.500000 0.946494 0.989247 0.040590
