0 0.500000 0.066514 0.982684 0.032110
0 0.497835 0.105505 0.987013 0.036697
0 0.495671 0.146789 0.982684 0.045872
0 0.493506 0.188073 0.978355 0.036697
0 0.497835 0.227064 0.987013 0.041284
0 0.495671 0.261468 0.982684 0.045872
0 0.495671 0.300459 0.982684 0.041284
0 0.493506 0.330275 0.978355 0.036697
0 0.495671 0.364679 0.982684 0.041284
0 0.495671 0.392202 0.982684 0.041284
0 0.484848 0.424312 0.961039 0.041284
0 0.489177 0.454128 0.969697 0.036697
0 0.491342 0.486239 0.974026 0.045872
0 0.493506 0.516055 0.978355 0.032110
0 0.491342 0.543578 0.974026 0.032110
0 0.495671 0.580275 0.982684 0.041284
0 0.500000 0.612385 0.991342 0.032110
0 0.497835 0.644495 0.987013 0.041284
0 0.500000 0.674312 0.991342 0.045872
0 0.497835 0.706422 0.987013 0.036697
0 0.495671 0.738532 0.982684 0.036697
0 0.497835 0.770642 0.987013 0.036697
0 0.500000 0.798165 0.991342 0.036697
0 0.495671 0.834862 0.982684 0.036697
0 0.493506 0.862385 0.978355 0.045872
0 0.497835 0.896789 0.987013 0.032110
0 0.493506 0.924312 0.978355 0.041284
0 0.495671 0.958716 0.982684 0.036697
0 0.502165 0.988532 0.995671 0.022936
