0 0.495146 0.027500 0.980583 0.045000
0 0.487864 0.115000 0.966019 0.035000
0 0.495146 0.156250 0.980583 0.032500
0 0.500000 0.196250 0.990291 0.037500
0 0.500000 0.237500 0.990291 0.040000
0 0.495146 0.321250 0.980583 0.032500
0 0.495146 0.361250 0.980583 0.037500
0 0.500000 0.400000 0.990291 0.040000
0 0.497573 0.446250 0.985437 0.037500
0 0.497573 0.487500 0.985437 0.040000
0 0.495146 0.575000 0.980583 0.030000
0 0.497573 0.612500 0.985437 0.040000
0 0.495146 0.658750 0.980583 0.037500
0 0.500000 0.705000 0.990291 0.040000
0 0.492718 0.742500 0.975728 0.035000
0 0.475728 0.783750 0.941748 0.037500
0 0.487864 0.823750 0.966019 0.037500
0 0.497573 0.867500 0.985437 0.040000
0 0.475728 0.921250 0.941748 0.042500
