0 0.509202 0.053398 0.981595 0.048544
0 0.493865 0.100324 0.963190 0.045307
0 0.506135 0.145631 0.987730 0.045307
0 0.503067 0.182848 0.993865 0.042071
0 0.500000 0.220065 0.987730 0.038835
0 0.503067 0.257282 0.993865 0.042071
0 0.496933 0.296117 0.981595 0.035599
0 0.503067 0.331715 0.993865 0.042071
0 0.500000 0.368932 0.987730 0.038835
0 0.496933 0.407767 0.981595 0.032362
0 0.506135 0.449838 0.963190 0.038835
0 0.503067 0.487055 0.993865 0.035599
0 0.503067 0.525890 0.993865 0.029126
0 0.500000 0.564725 0.963190 0.048544
0 0.503067 0.605178 0.993865 0.045307
0 0.506135 0.632686 0.987730 0.042071
