0 0.498361 0.097101 0.957377 0.072464
0 0.507377 0.146377 0.985246 0.072464
0 0.502459 0.201449 0.995082 0.055072
0 0.504918 0.242029 0.990164 0.055072
0 0.503279 0.297101 0.993443 0.055072
0 0.500820 0.349275 0.998361 0.055072
0 0.502459 0.405797 0.995082 0.052174
0 0.500820 0.452174 0.995082 0.052174
0 0.504098 0.500000 0.988525 0.055072
0 0.503279 0.565217 0.993443 0.086957
0 0.500820 0.627536 0.998361 0.049275
0 0.502459 0.679710 0.995082 0.066667
0 0.501639 0.752174 0.996721 0.060870
0 0.501639 0.807246 0.993443 0.055072
0 0.500820 0.856522 0.998361 0.049275
0 0.504918 0.907246 0.990164 0.057971
