0 0.502318 0.035333 0.995363 0.062667
0 0.503864 0.096000 0.992272 0.050667
0 0.500773 0.148667 0.998454 0.052000
0 0.500386 0.210667 0.999227 0.058667
0 0.501932 0.270000 0.996136 0.049333
0 0.505410 0.323333 0.989181 0.049333
0 0.506182 0.393333 0.987635 0.072000
0 0.502318 0.526667 0.995363 0.056000
0 0.502318 0.585333 0.995363 0.050667
0 0.507728 0.641333 0.984544 0.050667
0 0.502318 0.697333 0.995363 0.053333
0 0.500773 0.758000 0.998454 0.049333
0 0.501159 0.809333 0.997682 0.069333
0 0.505410 0.876000 0.989181 0.058667
