0 0.501214 0.114322 0.997573 0.032663
0 0.497573 0.177136 0.990291 0.032663
0 0.497573 0.275126 0.990291 0.032663
0 0.495146 0.315327 0.985437 0.037688
0 0.497573 0.351759 0.990291 0.030151
0 0.497573 0.386935 0.990291 0.040201
0 0.500000 0.427136 0.995146 0.035176
0 0.495146 0.462312 0.985437 0.035176
0 0.495146 0.502513 0.985437 0.035176
0 0.495146 0.538945 0.985437 0.032663
0 0.497573 0.574121 0.990291 0.032663
0 0.493932 0.610553 0.983010 0.035176
0 0.497573 0.650754 0.990291 0.035176
0 0.497573 0.687186 0.990291 0.032663
0 0.497573 0.726131 0.990291 0.035176
0 0.495146 0.766332 0.985437 0.040201
0 0.500000 0.802764 0.995146 0.032663
0 0.497573 0.841709 0.990291 0.030151
0 0.491505 0.878141 0.978155 0.032663
0 0.497573 0.914573 0.990291 0.030151
0 0.493932 0.949749 0.983010 0.035176
0 0.501214 0.989950 0.997573 0.020101
