0 0.495146 0.020732 0.985437 0.036585
0 0.501214 0.058537 0.978155 0.024390
0 0.497573 0.091463 0.990291 0.036585
0 0.500000 0.123171 0.995146 0.041463
0 0.497573 0.163415 0.990291 0.034146
0 0.503641 0.196341 0.992718 0.041463
0 0.495146 0.224390 0.985437 0.039024
0 0.495146 0.265854 0.985437 0.043902
0 0.501214 0.296341 0.997573 0.041463
0 0.497573 0.331707 0.990291 0.048780
0 0.502427 0.370732 0.990291 0.039024
0 0.503641 0.401220 0.992718 0.036585
0 0.497573 0.436585 0.990291 0.039024
0 0.495146 0.467073 0.985437 0.036585
0 0.501214 0.503659 0.997573 0.041463
0 0.500000 0.539024 0.995146 0.039024
0 0.498786 0.596341 0.987864 0.031707
0 0.500000 0.631707 0.995146 0.034146
0 0.503641 0.663415 0.992718 0.034146
0 0.501214 0.701220 0.997573 0.036585
0 0.503641 0.736585 0.992718 0.034146
0 0.502427 0.763415 0.980583 0.034146
0 0.501214 0.787805 0.997573 0.034146
0 0.501214 0.817073 0.997573 0.034146
0 0.501214 0.843902 0.997573 0.029268
0 0.501214 0.880488 0.997573 0.029268
0 0.502427 0.901220 0.990291 0.031707
0 0.495146 0.931707 0.985437 0.034146
0 0.500000 0.960976 0.995146 0.024390
0 0.497573 0.985366 0.990291 0.024390
