0 0.505447 0.080139 0.989107 0.060976
0 0.506536 0.139808 0.986928 0.047909
0 0.503268 0.185105 0.991285 0.046167
0 0.505447 0.212544 0.989107 0.043554
0 0.502179 0.258275 0.995643 0.049652
0 0.503268 0.318815 0.993464 0.054007
0 0.499455 0.385889 0.992375 0.073171
0 0.502179 0.453833 0.995643 0.041812
0 0.504902 0.494774 0.990196 0.036585
0 0.501634 0.527875 0.996732 0.041812
0 0.498366 0.568815 0.994553 0.038328
0 0.503268 0.625871 0.993464 0.058362
0 0.502179 0.671603 0.995643 0.045296
0 0.506536 0.738240 0.984749 0.040941
0 0.501634 0.777875 0.996732 0.045296
0 0.503268 0.847125 0.993464 0.056620
