0 0.449219 0.040625 0.895312 0.068750
0 0.496875 0.118750 0.990625 0.046875
0 0.496875 0.185938 0.990625 0.046875
0 0.498437 0.230469 0.993750 0.035937
0 0.492969 0.278906 0.982812 0.051562
0 0.497656 0.325000 0.992188 0.040625
0 0.497656 0.365625 0.992188 0.043750
0 0.496875 0.404687 0.990625 0.043750
0 0.496875 0.444531 0.990625 0.042188
0 0.498437 0.482812 0.993750 0.040625
0 0.498437 0.524219 0.990625 0.039062
0 0.493750 0.558594 0.984375 0.048438
0 0.496875 0.596875 0.990625 0.068750
0 0.496094 0.643750 0.989062 0.065625
0 0.492188 0.688281 0.981250 0.054688
0 0.496094 0.732812 0.989062 0.062500
0 0.494531 0.776563 0.985938 0.056250
0 0.499219 0.817187 0.995313 0.050000
0 0.496875 0.865625 0.990625 0.046875
0 0.495312 0.915625 0.987500 0.046875
