0 0.503145 0.146226 0.993711 0.040881
0 0.503145 0.193396 0.993711 0.040881
0 0.509434 0.226415 0.981132 0.031447
0 0.506289 0.251572 0.987421 0.031447
0 0.500000 0.278302 0.987421 0.034591
0 0.503145 0.311321 0.993711 0.037736
0 0.506289 0.338050 0.987421 0.034591
0 0.506289 0.369497 0.987421 0.034591
0 0.509434 0.397799 0.981132 0.028302
0 0.503145 0.440252 0.993711 0.037736
0 0.503145 0.477987 0.993711 0.025157
0 0.503145 0.504717 0.993711 0.022013
0 0.503145 0.531447 0.993711 0.025157
0 0.503145 0.556604 0.993711 0.025157
0 0.503145 0.584906 0.993711 0.025157
0 0.503145 0.611635 0.993711 0.022013
0 0.503145 0.641509 0.993711 0.031447
0 0.503145 0.666667 0.993711 0.031447
0 0.506289 0.698113 0.987421 0.031447
0 0.503145 0.723270 0.993711 0.025157
0 0.503145 0.751572 0.993711 0.025157
0 0.503145 0.779874 0.993711 0.025157
0 0.503145 0.811321 0.993711 0.031447
0 0.503145 0.841195 0.993711 0.034591
