0 0.503205 0.069659 0.993590 0.027864
0 0.496795 0.089783 0.980769 0.024768
0 0.503205 0.106811 0.980769 0.027864
0 0.500000 0.165635 0.987179 0.034056
0 0.496795 0.188854 0.980769 0.037152
0 0.503205 0.213622 0.993590 0.037152
0 0.509615 0.246130 0.980769 0.021672
0 0.503205 0.275542 0.993590 0.024768
0 0.503205 0.300310 0.993590 0.024768
0 0.506410 0.325077 0.987179 0.030960
0 0.503205 0.356037 0.993590 0.043344
0 0.500000 0.385449 0.987179 0.027864
0 0.503205 0.407121 0.993590 0.034056
0 0.496795 0.441176 0.980769 0.034056
0 0.496795 0.462848 0.980769 0.034056
0 0.496795 0.489164 0.980769 0.030960
0 0.503205 0.510836 0.993590 0.030960
0 0.496795 0.534056 0.980769 0.027864
0 0.500000 0.566563 0.987179 0.024768
0 0.493590 0.591331 0.974359 0.024768
0 0.493590 0.614551 0.974359 0.021672
