0 0.517717 0.045226 0.814961 0.050251
0 0.521654 0.097990 0.822835 0.055276
0 0.527559 0.140704 0.842520 0.050251
0 0.525591 0.188442 0.846457 0.045226
0 0.527559 0.236181 0.850394 0.050251
0 0.533465 0.288945 0.862205 0.055276
0 0.531496 0.341709 0.881890 0.050251
0 0.535433 0.396985 0.897638 0.060302
0 0.533465 0.452261 0.917323 0.050251
0 0.533465 0.507538 0.925197 0.060302
0 0.529528 0.567839 0.925197 0.060302
0 0.537402 0.640704 0.925197 0.075377
0 0.531496 0.695980 0.913386 0.075377
0 0.527559 0.798995 0.944882 0.130653
