0 0.511628 0.045551 0.757475 0.057203
0 0.516611 0.097458 0.767442 0.046610
0 0.518272 0.137712 0.780731 0.046610
0 0.520764 0.186441 0.792359 0.055085
0 0.519103 0.234110 0.802326 0.052966
0 0.519103 0.290254 0.812292 0.059322
0 0.526578 0.346398 0.827243 0.061441
0 0.534053 0.397246 0.848837 0.052966
0 0.537375 0.448093 0.852159 0.048729
0 0.541528 0.503178 0.867110 0.069915
0 0.547342 0.568856 0.878738 0.069915
0 0.540698 0.644068 0.868771 0.080508
0 0.547342 0.699153 0.895349 0.076271
0 0.532392 0.805085 0.921927 0.139831
